year_closed,month_closed,Unique Key
2020.0,1.0,2141
2020.0,2.0,1965
2020.0,3.0,1929
2020.0,4.0,2290
2020.0,5.0,4338
2020.0,6.0,3993
2020.0,7.0,4612
2020.0,8.0,5275
2020.0,9.0,4674
2020.0,10.0,4152
2020.0,11.0,3244
2020.0,12.0,2233
2021.0,1.0,1642
2021.0,2.0,787
2021.0,3.0,2614
2021.0,4.0,1874
2021.0,5.0,2265
2021.0,6.0,2370
2021.0,7.0,3663
2021.0,8.0,3606
2021.0,9.0,4546
2021.0,10.0,5180
2021.0,11.0,3713
2021.0,12.0,2292
2022.0,1.0,1712
2022.0,2.0,1314
2022.0,3.0,2147
2022.0,4.0,2542
2022.0,5.0,2931
2022.0,6.0,3540
2022.0,7.0,3975
2022.0,8.0,4157
2022.0,9.0,4451
2022.0,10.0,4212
2022.0,11.0,3002
2022.0,12.0,2141
2023.0,1.0,1670
2023.0,2.0,1526
2023.0,3.0,1479
2023.0,4.0,2606
2023.0,5.0,3719
2023.0,6.0,3921
2023.0,7.0,746
2023.0,8.0,788
2023.0,9.0,1023
2023.0,10.0,1030
2023.0,11.0,465
2023.0,12.0,333
2024.0,1.0,419
2024.0,2.0,422
2024.0,3.0,624
2024.0,4.0,962
2024.0,5.0,929
2024.0,6.0,1362
2024.0,7.0,1671
2024.0,8.0,1359
2024.0,9.0,1461
2024.0,10.0,1245
2024.0,11.0,923
2024.0,12.0,616
2025.0,1.0,507
2025.0,2.0,416
2025.0,3.0,655
2025.0,4.0,643
2025.0,5.0,3052
2025.0,6.0,3728
2025.0,7.0,4729
2025.0,8.0,4658
2025.0,9.0,4616
2025.0,10.0,3890
2025.0,11.0,2794
2025.0,12.0,1522
2026.0,1.0,2345
2026.0,2.0,658
2026.0,3.0,2522
2026.0,4.0,1837
